kinematics:
  shoulder:
    x: 0
    y: 0
    z: 0.1627597965710741
    roll: -0
    pitch: 0
    yaw: -6.009209651026969e-07
  upper_arm:
    x: 0.0001996253312216193
    y: 0
    z: 0
    roll: 1.570621457928709
    pitch: 0
    yaw: -8.074054349753894e-07
  forearm:
    x: -0.42539624524237
    y: 0
    z: 0
    roll: 0.0003005067073382515
    pitch: -0.0004069921563450976
    yaw: 8.746225147580937e-06
  wrist_1:
    x: -0.3928622448950321
    y: -0.0005291297871465384
    z: 0.1330314425708571
    roll: 0.003977458160340053
    pitch: -0.001708318969221554
    yaw: -3.409024033703112e-06
  wrist_2:
    x: 7.584488345569594e-05
    y: -0.09977211124305385
    z: -5.156911172954464e-05
    roll: 1.571313195752512
    pitch: 0
    yaw: 1.059161811312048e-07
  wrist_3:
    x: 7.777325088883242e-05
    y: 0.09968391976916313
    z: 3.071510782319486e-05
    roll: 1.57110445178559
    pitch: 3.141592653589793
    yaw: 3.141592280789978
  hash: calib_16211283649323766293